0.627451
0.627451
0.627451
0.627451
0.627451
0.627451
0.627451
0.627451
0.627451
0.627451
0.627451
0.627451
0.627451
0.627451
0.627451
0.627451
0.627451
0.627451
0.627451
0.627451
0.627451
0.627451
0.627451
0.627451
0.627451
0.627451
0.627451
0.627451
0.627451
0.627451
0.627451
0.627451
0.627451
0.627451
0.627451
0.627451
0.627451
0.627451
0.627451
0.627451
0.627451
0.627451
0.627451
0.627451
0.627451
0.627451
0.627451
0.627451
0.627451
0.627451
0.6156863
0.6156863
0.6156863
0.6156863
0.6352941
0.6352941
0.6352941
0.6352941
0.6352941
0.6352941
0.6352941
0.6352941
0.627451
0.627451
0.627451
0.627451
0.627451
0.627451
0.627451
0.627451
0.627451
0.627451
0.6156863
0.6156863
0.6156863
0.6156863
0.6352941
0.6352941
0.6352941
0.6352941
0.6352941
0.6352941
0.6352941
0.6352941
0.627451
0.627451
0.627451
0.627451
0.627451
0.627451
0.627451
0.627451
0.627451
0.627451
0.627451
0.6156863
0.6156863
0.6156863
0.6156863
0.6352941
0.6352941
0.6352941
0.6352941
0.6352941
0.6352941
0.6352941
0.6352941
0.627451
0.627451
0.627451
0.627451
0.627451
0.627451
0.627451
0.627451
0.627451
0.627451
0.627451
0.627451
0.627451
0.6156863
0.6156863
0.6156863
0.6156863
0.8588235
1.086275
1.313725
1.313725
1.298039
1.298039
1.298039
0.8509804
0.627451
0.627451
0.627451
0.627451
0.627451
0.627451
0.627451
0.627451
0.627451
0.627451
0.627451
0.627451
0.627451
0.6196079
0.6196079
0.6196079
1.380392
1.862745
1.862745
1.862745
2.25098
2.27451
2.27451
2.27451
2.27451
2.266667
1.164706
0.6196079
0.6196079
0.627451
0.627451
0.627451
0.627451
0.627451
0.627451
0.627451
0.627451
0.627451
0.627451
0.627451
0.627451
0.627451
0.627451
0.627451
0.627451
0.627451
0.627451
0.6196079
0.6196079
0.6196079
1.764706
1.862745
1.862745
1.992157
2.25098
2.27451
2.27451
2.27451
2.27451
2.266667
2.266667
1.164706
0.6196079
0.627451
0.627451
0.627451
0.627451
0.627451
0.627451
0.627451
0.627451
0.627451
0.627451
0.627451
0.627451
0.627451
0.627451
0.627451
0.627451
0.627451
0.627451
0.627451
0.627451
0.6196079
0.6196079
0.9960785
1.764706
1.862745
1.862745
2.25098
2.25098
2.27451
2.27451
2.27451
2.27451
2.266667
2.266667
1.713726
0.6196079
0.627451
0.627451
0.627451
0.627451
0.627451
0.627451
0.627451
0.627451
0.627451
0.627451
0.627451
0.627451
0.627451
0.627451
0.627451
0.627451
0.627451
0.627451
0.627451
0.627451
0.627451
0.627451
0.6196079
0.6196079
0.9960785
1.764706
1.862745
1.862745
2.25098
2.25098
2.27451
2.27451
2.27451
2.27451
2.266667
2.266667
2.266667
0.6196079
0.627451
0.627451
0.627451
0.627451
0.627451
0.627451
0.627451
0.627451
0.627451
0.627451
0.627451
0.627451
0.627451
0.627451
0.6352941
0.6352941
0.6352941
0.6352941
0.6352941
0.6352941
0.6352941
0.6352941
0.6352941
0.6352941
0.6352941
0.6352941
0.6352941
0.6352941
1.039216
1.862745
1.847059
1.847059
2.266667
2.266667
2.27451
2.27451
2.27451
2.27451
2.266667
2.266667
2.266667
0.6352941
0.627451
0.627451
0.627451
0.627451
0.627451
0.627451
0.627451
0.627451
0.627451
0.627451
0.627451
0.627451
0.627451
0.627451
0.6352941
0.6352941
0.6352941
0.6352941
0.6352941
0.6352941
0.6352941
0.6352941
0.6352941
0.6352941
0.6352941
0.6352941
0.6352941
0.6352941
1.039216
1.862745
1.847059
1.847059
2.12549
2.266667
2.27451
2.27451
2.27451
2.27451
2.266667
2.266667
2.266667
0.6352941
0.627451
0.627451
0.627451
0.627451
0.627451
0.627451
0.627451
0.627451
0.627451
0.627451
0.627451
0.627451
0.627451
0.627451
0.6352941
0.6352941
0.6352941
0.6352941
0.6352941
0.6352941
0.6352941
0.6352941
0.6352941
0.6352941
0.6352941
0.6352941
0.6352941
0.6352941
1.039216
1.862745
1.847059
1.847059
2.12549
2.266667
2.27451
2.27451
2.27451
2.27451
2.266667
2.266667
2.266667
0.6352941
0.627451
0.627451
0.627451
0.627451
0.627451
0.627451
0.627451
0.627451
0.627451
0.627451
0.627451
0.627451
0.627451
0.627451
0.6352941
0.8823529
1.133333
1.392157
1.423529
1.423529
1.423529
1.423529
1.423529
1.423529
1.423529
1.423529
1.447059
1.447059
1.447059
1.862745
1.847059
1.847059
2.12549
2.266667
2.27451
2.27451
2.27451
2.27451
2.266667
2.266667
2.266667
0.6352941
0.627451
0.627451
0.627451
0.627451
0.627451
0.627451
0.627451
0.627451
0.627451
0.627451
0.627451
0.627451
0.4470589
1.847059
1.847059
1.847059
1.843137
1.843137
1.843137
1.843137
1.843137
1.843137
1.843137
1.843137
1.843137
1.843137
1.843137
1.843137
1.847059
1.847059
1.984314
2.266667
2.27451
2.27451
2.27451
2.27451
2.266667
2.266667
2.266667
0.6352941
0.627451
0.627451
0.627451
0.627451
0.627451
0.627451
0.627451
0.627451
0.627451
0.627451
0.627451
0.627451
0.909804
1.847059
1.847059
1.847059
1.843137
1.843137
1.843137
1.843137
1.843137
1.843137
1.843137
1.843137
1.843137
1.843137
1.843137
1.843137
1.847059
1.847059
1.984314
2.266667
2.27451
2.27451
2.27451
2.27451
2.266667
2.266667
2.266667
0.6352941
0.627451
0.627451
0.627451
0.627451
0.627451
0.627451
0.627451
0.627451
0.627451
0.627451
0.627451
0.627451
0.909804
1.847059
1.847059
1.847059
1.843137
1.843137
1.843137
1.843137
1.843137
1.843137
1.843137
1.843137
1.843137
1.843137
1.843137
1.843137
1.847059
1.847059
1.984314
2.266667
2.27451
2.27451
2.27451
2.27451
2.266667
2.266667
2.266667
0.6352941
0.627451
0.627451
0.627451
0.627451
0.627451
0.627451
0.627451
0.627451
0.627451
0.627451
0.627451
0.627451
0.909804
1.847059
1.847059
1.847059
1.843137
1.843137
1.843137
1.843137
1.843137
1.843137
1.843137
1.843137
1.843137
1.843137
1.843137
1.843137
1.847059
1.847059
1.984314
2.266667
2.27451
2.27451
2.27451
2.27451
2.266667
2.266667
2.266667
0.6352941
0.627451
0.627451
0.627451
0.627451
0.627451
0.627451
0.627451
0.627451
0.627451
0.627451
0.627451
0.627451
0.9647059
1.847059
1.847059
1.847059
1.843137
1.843137
1.843137
1.843137
1.843137
1.843137
1.843137
1.843137
1.843137
1.843137
1.843137
1.843137
1.847059
1.847059
1.980392
2.25098
2.27451
2.27451
2.27451
2.27451
2.266667
2.266667
2.266667
0.6352941
0.627451
0.627451
0.627451
0.627451
0.627451
0.627451
0.627451
0.627451
0.627451
0.627451
0.627451
0.627451
0.9647059
1.847059
1.847059
1.847059
1.843137
1.843137
1.843137
1.843137
1.843137
1.843137
1.843137
1.843137
1.843137
1.843137
1.843137
1.843137
1.847059
1.847059
1.980392
2.25098
2.27451
2.27451
2.27451
2.27451
2.266667
2.266667
2.266667
0.6352941
0.627451
0.627451
0.627451
0.627451
0.627451
0.627451
0.627451
0.627451
0.627451
0.627451
0.627451
0.627451
0.9647059
1.847059
1.847059
1.847059
1.843137
1.843137
1.843137
1.843137
1.843137
1.843137
1.843137
1.843137
1.843137
1.843137
1.843137
1.843137
1.847059
1.847059
1.980392
2.25098
2.27451
2.27451
2.27451
2.27451
2.266667
2.266667
2.266667
0.6352941
0.627451
0.627451
0.627451
0.627451
0.627451
0.627451
0.627451
0.627451
0.627451
0.627451
0.627451
0.627451
0.5254902
1.847059
1.847059
1.847059
1.843137
1.843137
1.843137
1.843137
1.843137
1.843137
1.843137
1.843137
1.843137
1.843137
1.843137
1.843137
1.847059
1.847059
1.980392
2.25098
2.27451
2.27451
2.27451
2.27451
2.266667
2.266667
2.266667
0.6352941
0.627451
0.627451
0.627451
0.627451
0.627451
0.627451
0.627451
0.627451
0.627451
0.627451
0.627451
0.627451
0.6352941
1.039216
1.862745
1.862745
1.811765
1.811765
1.811765
1.811765
1.811765
1.811765
1.811765
1.811765
1.847059
1.847059
1.847059
1.847059
1.862745
1.862745
1.996078
2.266667
2.27451
2.27451
2.27451
2.27451
2.266667
2.266667
2.266667
0.6352941
0.627451
0.627451
0.627451
0.627451
0.627451
0.627451
0.627451
0.627451
0.627451
0.627451
0.627451
0.6352941
0.6352941
0.6352941
0.6352941
1.011765
1.011765
1.011765
1.011765
1.011765
1.011765
1.011765
1.011765
1.023529
1.023529
1.431373
1.847059
1.862745
1.862745
1.996078
2.266667
2.27451
2.27451
2.27451
2.27451
2.266667
2.266667
2.266667
0.6352941
0.627451
0.627451
0.627451
0.627451
0.627451
0.627451
0.627451
0.627451
0.627451
0.627451
0.627451
0.6352941
0.6352941
0.6352941
0.6352941
0.6196079
0.6196079
0.6196079
0.6196079
0.6196079
0.6196079
0.6196079
0.6196079
0.6196079
0.6196079
1.023529
1.847059
1.862745
1.862745
1.996078
2.266667
2.27451
2.27451
2.27451
2.27451
2.266667
2.266667
2.266667
0.6352941
0.627451
0.627451
0.627451
0.627451
0.627451
0.627451
0.627451
0.627451
0.627451
0.627451
0.627451
0.6352941
0.6352941
0.6352941
0.6352941
0.6196079
0.6196079
0.6196079
0.6196079
0.6196079
0.6196079
0.6196079
0.6196079
0.6196079
0.6196079
1.023529
1.847059
1.862745
1.862745
1.996078
2.266667
2.27451
2.27451
2.27451
2.27451
2.266667
2.266667
2.266667
0.6352941
0.627451
0.627451
0.627451
0.627451
0.627451
0.627451
0.627451
0.627451
0.627451
0.627451
0.6117647
0.6117647
0.6117647
0.6117647
0.6117647
0.6117647
0.6117647
0.6117647
0.6196079
0.6196079
0.6196079
0.6196079
0.6352941
0.6352941
1.039216
1.862745
1.862745
1.862745
1.996078
2.266667
2.27451
2.27451
2.27451
2.27451
2.266667
2.266667
2.266667
0.6352941
0.627451
0.627451
0.627451
0.627451
0.627451
0.627451
0.627451
0.627451
0.627451
0.627451
0.6117647
0.6117647
0.6117647
0.6117647
0.6117647
0.6117647
0.6117647
0.6117647
0.6196079
0.6196079
0.6196079
0.6196079
0.6352941
0.6352941
1.039216
1.862745
1.862745
1.862745
2.129412
2.266667
2.27451
2.27451
2.27451
2.27451
2.266667
2.266667
2.266667
0.6352941
0.627451
0.627451
0.627451
0.627451
0.627451
0.627451
0.627451
0.627451
0.627451
0.627451
0.6117647
0.6117647
0.6117647
0.6117647
0.6117647
0.6117647
0.6117647
0.6117647
0.6196079
0.6196079
0.6196079
0.6196079
0.6352941
0.6352941
1.039216
1.862745
1.862745
1.862745
2.129412
2.266667
2.27451
2.27451
2.27451
2.27451
2.266667
2.266667
2.266667
0.6352941
0.627451
0.627451
0.627451
0.627451
0.627451
0.627451
0.627451
0.627451
0.627451
0.627451
0.627451
0.6117647
0.6117647
0.6117647
0.6117647
0.6117647
0.6117647
0.6117647
0.6117647
0.6196079
0.6196079
0.8823529
0.7882353
0.6352941
0.6352941
1.039216
1.862745
1.862745
1.862745
2.129412
2.266667
2.27451
2.27451
2.27451
2.27451
2.266667
2.266667
2.266667
0.6352941
0.627451
0.627451
0.627451
0.627451
0.627451
0.627451
0.627451
0.627451
0.627451
0.627451
0.627451
0.6196079
0.6196079
1.011765
1.811765
1.843137
1.843137
1.843137
1.843137
1.843137
1.843137
1.843137
1.843137
1.843137
1.843137
1.843137
1.843137
1.862745
1.862745
2.266667
2.266667
2.27451
2.27451
2.27451
2.27451
2.266667
2.266667
2.266667
0.6352941
0.627451
0.627451
0.627451
0.627451
0.627451
0.627451
0.627451
0.627451
0.627451
0.627451
0.627451
0.6196079
0.6196079
1.811765
1.811765
1.843137
1.843137
1.843137
1.843137
1.843137
1.843137
1.843137
1.843137
1.843137
1.843137
1.843137
1.843137
1.862745
1.862745
2.266667
2.266667
2.27451
2.27451
2.27451
2.27451
2.266667
2.266667
2.266667
0.6352941
0.627451
0.627451
0.627451
0.627451
0.627451
0.627451
0.627451
0.627451
0.627451
0.627451
0.627451
0.6196079
1.011765
1.811765
1.811765
1.843137
1.843137
1.843137
1.843137
1.843137
1.843137
1.843137
1.843137
1.843137
1.843137
1.843137
1.843137
1.862745
1.862745
2.266667
2.266667
2.27451
2.27451
2.27451
2.27451
2.266667
2.266667
2.266667
0.6352941
0.627451
0.627451
0.627451
0.627451
0.627451
0.627451
0.627451
0.627451
0.627451
0.627451
0.627451
0.6196079
1.011765
1.811765
1.811765
1.843137
1.843137
1.843137
1.843137
1.843137
1.843137
1.843137
1.843137
1.843137
1.843137
1.843137
1.843137
1.862745
1.862745
2.266667
2.266667
2.27451
2.27451
2.27451
2.27451
2.266667
2.266667
2.266667
0.6352941
0.627451
0.627451
0.627451
0.627451
0.627451
0.627451
0.627451
0.627451
0.627451
0.627451
0.627451
0.6196079
1.011765
1.811765
1.811765
1.843137
1.843137
1.843137
1.843137
1.843137
1.843137
1.843137
1.843137
1.843137
1.843137
1.843137
1.843137
1.862745
1.862745
2.266667
2.266667
2.27451
2.27451
2.27451
2.27451
2.266667
2.266667
2.266667
0.6352941
0.627451
0.627451
0.627451
0.627451
0.627451
0.627451
0.627451
0.627451
0.627451
0.627451
0.627451
0.6196079
1.011765
1.811765
1.811765
1.843137
1.843137
1.843137
1.843137
1.843137
1.843137
1.843137
1.843137
1.843137
1.843137
1.843137
1.843137
1.862745
1.862745
2.266667
2.266667
2.27451
2.27451
2.27451
2.27451
2.266667
2.266667
2.266667
0.6352941
0.627451
0.627451
0.627451
0.627451
0.627451
0.627451
0.627451
0.627451
0.627451
0.627451
0.627451
0.6196079
1.011765
1.811765
1.811765
1.843137
1.843137
1.843137
1.843137
1.843137
1.843137
1.843137
1.843137
1.843137
1.843137
1.843137
1.843137
1.862745
1.862745
2.266667
2.266667
2.27451
2.27451
2.27451
2.27451
2.266667
2.266667
2.266667
0.6352941
0.627451
0.627451
0.627451
0.627451
0.627451
0.627451
0.627451
0.627451
0.627451
0.627451
0.627451
0.6196079
0.6196079
1.811765
1.811765
1.843137
1.843137
1.843137
1.843137
1.843137
1.843137
1.843137
1.843137
1.843137
1.843137
1.843137
1.843137
1.862745
1.862745
2.266667
2.266667
2.27451
2.27451
2.27451
2.27451
2.266667
2.266667
2.266667
0.6352941
0.627451
0.627451
0.627451
0.627451
0.627451
0.627451
0.627451
0.627451
0.627451
0.627451
0.627451
0.6196079
0.6196079
1.701961
1.701961
1.862745
1.862745
1.862745
1.862745
1.862745
1.862745
1.862745
1.862745
1.862745
1.862745
1.862745
1.862745
1.862745
1.862745
2.266667
2.266667
2.27451
2.27451
2.27451
2.27451
2.266667
2.266667
2.266667
0.6352941
0.627451
0.627451
0.627451
0.627451
0.627451
0.627451
0.627451
0.627451
0.627451
0.627451
0.627451
0.6196079
0.6196079
0.9764706
1.337255
1.447059
1.447059
1.447059
1.862745
1.862745
1.862745
1.862745
1.862745
1.862745
1.862745
1.862745
1.862745
1.862745
1.862745
2.266667
2.266667
2.27451
2.27451
2.27451
2.27451
2.266667
2.266667
2.266667
0.6352941
0.627451
0.627451
0.627451
0.627451
0.627451
0.627451
0.627451
0.627451
0.627451
0.627451
0.6196079
0.6196079
0.6196079
0.6196079
0.6352941
0.6352941
0.6352941
0.6352941
0.6196079
0.6196079
0.6196079
0.6196079
0.6352941
0.6352941
1.039216
1.862745
1.862745
1.862745
2.129412
2.266667
2.27451
2.27451
2.27451
2.27451
2.266667
2.266667
2.266667
0.6352941
0.627451
0.627451
0.627451
0.627451
0.627451
0.627451
0.627451
0.627451
0.627451
0.627451
0.6196079
0.6196079
0.6196079
0.6196079
0.6352941
0.6352941
0.6352941
0.6352941
0.6196079
0.6196079
0.6196079
0.6196079
0.6352941
0.6352941
1.039216
1.862745
1.862745
1.862745
2.129412
2.266667
2.27451
2.27451
2.27451
2.27451
2.266667
2.266667
2.266667
0.6352941
0.627451
0.627451
0.627451
0.627451
0.627451
0.627451
0.627451
0.627451
0.627451
0.627451
0.627451
0.627451
0.627451
0.627451
0.627451
0.627451
0.627451
0.627451
0.627451
0.627451
0.627451
0.627451
0.6352941
0.6352941
1.039216
1.862745
1.862745
1.862745
2.129412
2.266667
2.27451
2.27451
2.27451
2.27451
2.266667
2.266667
2.266667
0.6352941
0.627451
0.627451
0.627451
0.627451
0.627451
0.627451
0.627451
0.627451
0.627451
0.627451
0.627451
0.627451
0.627451
0.627451
0.627451
0.627451
0.627451
0.627451
0.627451
0.627451
0.627451
0.6352941
0.6352941
1.039216
1.862745
1.862745
1.862745
1.996078
2.266667
2.27451
2.27451
2.27451
2.27451
2.266667
2.266667
2.266667
0.6352941
0.627451
0.627451
0.627451
0.627451
0.627451
0.627451
0.627451
0.627451
0.627451
0.627451
0.627451
0.627451
0.627451
0.627451
0.627451
0.627451
0.627451
0.627451
0.627451
0.627451
0.6352941
0.6352941
1.039216
1.862745
1.862745
1.862745
1.996078
2.266667
2.27451
2.27451
2.27451
2.27451
2.266667
2.266667
2.266667
0.6352941
0.627451
0.627451
0.627451
0.627451
0.627451
0.627451
0.627451
0.627451
0.627451
0.627451
0.627451
0.627451
0.627451
0.627451
0.627451
0.627451
0.627451
0.627451
0.6352941
0.6352941
1.039216
1.862745
1.862745
1.862745
1.996078
2.266667
2.27451
2.27451
2.27451
2.27451
2.266667
2.266667
2.266667
0.6352941
0.627451
0.627451
0.627451
0.627451
0.627451
0.627451
0.627451
0.627451
0.627451
0.627451
0.627451
0.627451
0.6352941
0.6352941
1.039216
1.862745
1.862745
1.862745
1.862745
2.266667
2.27451
2.27451
2.27451
2.27451
2.298039
2.298039
2.298039
0.6352941
0.627451
0.627451
0.627451
0.627451
0.627451
0.627451
0.627451
0.627451
0.627451
0.627451
0.6352941
0.6352941
1.039216
1.862745
1.862745
1.862745
1.862745
2.266667
2.27451
2.27451
2.27451
2.27451
2.298039
2.298039
2.298039
0.6352941
0.627451
0.627451
0.627451
0.627451
0.627451
0.627451
0.627451
0.627451
0.627451
0.627451
0.6352941
0.6352941
1.039216
1.862745
1.862745
1.862745
1.862745
2.266667
2.27451
2.27451
2.27451
2.27451
2.298039
2.298039
1.737255
0.6352941
0.627451
0.627451
0.627451
0.627451
0.627451
0.627451
0.627451
0.627451
0.627451
0.627451
0.6352941
0.6352941
1.039216
1.862745
1.862745
1.862745
1.862745
2.129412
2.27451
2.27451
2.27451
2.27451
2.298039
2.298039
1.737255
0.6352941
0.627451
0.627451
0.627451
0.627451
0.627451
0.627451
0.627451
0.627451
0.627451
0.6352941
0.6352941
1.039216
1.862745
1.847059
1.847059
1.847059
2.164706
2.27451
2.27451
2.27451
2.27451
2.266667
2.266667
1.717647
0.6352941
0.627451
0.627451
0.627451
0.627451
0.627451
0.627451
0.627451
0.627451
0.627451
0.6352941
0.6352941
1.039216
1.862745
1.847059
1.847059
1.847059
2.054902
2.27451
2.27451
2.27451
2.27451
2.266667
2.266667
1.717647
0.6352941
0.627451
0.627451
0.627451
0.627451
0.627451
0.627451
0.627451
0.627451
0.627451
0.6352941
0.6352941
1.039216
1.862745
1.847059
1.847059
1.847059
2.054902
2.27451
2.27451
2.27451
2.27451
2.266667
2.266667
1.717647
0.6352941
0.627451
0.627451
0.627451
0.627451
0.627451
0.627451
0.627451
0.627451
0.627451
0.6352941
0.6352941
1.039216
1.862745
1.847059
1.847059
1.847059
2.054902
2.27451
2.27451
2.27451
2.27451
2.266667
2.266667
1.717647
0.6352941
0.627451
0.627451
0.627451
0.627451
0.627451
0.627451
0.627451
0.627451
0.627451
0.6352941
0.6352941
1.039216
1.862745
1.847059
1.847059
1.847059
2.007843
2.27451
2.27451
2.27451
2.27451
2.266667
2.266667
1.717647
0.6352941
0.627451
0.627451
0.627451
0.627451
0.627451
0.627451
0.627451
0.627451
0.627451
0.6352941
0.6352941
1.039216
1.862745
1.847059
1.847059
1.847059
1.94902
2.27451
2.27451
2.27451
2.27451
2.266667
2.266667
1.717647
0.6352941
0.627451
0.627451
0.627451
0.627451
0.627451
0.627451
0.627451
0.627451
0.627451
0.6352941
0.6352941
1.039216
1.862745
1.847059
1.847059
1.847059
1.94902
2.27451
2.27451
2.27451
2.27451
2.266667
2.266667
1.717647
0.6352941
0.627451
0.627451
0.627451
0.627451
0.627451
0.627451
0.627451
0.627451
0.627451
0.6352941
0.6352941
1.039216
1.862745
1.847059
1.847059
1.847059
1.94902
2.27451
2.27451
2.27451
2.27451
2.266667
2.266667
1.717647
0.6352941
0.627451
0.627451
0.627451
0.627451
0.627451
0.627451
0.627451
0.627451
0.627451
0.6352941
0.6352941
1.039216
1.862745
1.862745
1.862745
1.862745
1.956863
2.27451
2.27451
2.27451
2.27451
2.266667
2.266667
1.717647
0.6352941
0.627451
0.627451
0.627451
0.627451
0.627451
0.627451
0.627451
0.627451
0.627451
0.6352941
0.6352941
1.039216
1.862745
1.862745
1.862745
1.862745
1.886275
2.27451
2.27451
2.27451
2.27451
2.266667
2.266667
1.717647
0.6352941
0.627451
0.627451
0.627451
0.627451
0.627451
0.627451
0.627451
0.627451
0.627451
0.627451
0.627451
0.6352941
0.6352941
1.039216
1.862745
1.862745
1.862745
1.862745
1.862745
2.27451
2.27451
2.27451
2.27451
2.266667
2.266667
1.717647
0.6352941
0.627451
0.627451
0.627451
0.627451
0.627451
0.627451
0.627451
0.627451
0.627451
0.627451
0.627451
0.627451
0.627451
0.627451
0.6352941
0.6352941
1.039216
1.862745
1.862745
1.862745
1.862745
1.862745
2.27451
2.27451
2.27451
2.27451
2.266667
2.266667
1.717647
0.6352941
0.627451
0.627451
0.627451
0.627451
0.627451
0.627451
0.627451
0.627451
0.627451
0.627451
0.627451
0.627451
0.627451
0.6352941
0.6352941
0.6352941
0.6352941
0.6666667
0.6666667
1.058824
1.847059
1.843137
1.843137
1.843137
1.843137
2.27451
2.27451
2.27451
2.27451
2.266667
2.266667
1.729412
0.6666667
0.6352941
0.6352941
0.6352941
0.6352941
0.627451
0.627451
0.627451
0.627451
0.627451
0.627451
0.627451
0.627451
0.627451
0.627451
0.627451
0.6352941
0.6352941
0.6352941
0.6352941
0.6666667
0.6666667
1.058824
1.847059
1.843137
1.843137
1.843137
1.843137
2.27451
2.27451
2.27451
2.27451
2.266667
2.266667
1.729412
0.6666667
0.6352941
0.6352941
0.6352941
0.6352941
0.627451
0.627451
0.627451
0.627451
0.627451
0.627451
0.627451
0.627451
0.627451
0.627451
0.627451
0.627451
0.627451
0.6352941
0.6352941
0.6352941
0.6352941
0.6666667
1.058824
1.847059
1.847059
1.843137
1.843137
1.843137
1.843137
2.27451
2.27451
2.27451
2.27451
2.266667
2.266667
2.266667
2.266667
1.196078
0.6352941
0.6352941
0.6352941
0.627451
0.627451
0.627451
0.627451
0.627451
0.627451
0.627451
0.627451
0.627451
0.627451
0.627451
0.627451
0.627451
0.627451
0.627451
0.6352941
0.6352941
0.6352941
1.121569
1.847059
1.847059
1.847059
1.847059
1.843137
1.843137
1.843137
1.843137
2.27451
2.27451
2.27451
2.27451
2.266667
2.266667
2.266667
2.266667
2.329412
2.329412
1.196078
0.6352941
0.627451
0.627451
0.627451
0.627451
0.627451
0.627451
0.627451
0.627451
0.627451
0.627451
0.627451
0.627451
0.627451
0.6196079
0.6196079
0.6196079
0.6196079
0.682353
0.682353
1.466667
1.862745
1.843137
1.843137
1.843137
1.843137
1.862745
1.862745
1.862745
1.862745
2.27451
2.27451
2.27451
2.27451
2.27451
2.27451
2.27451
2.27451
2.266667
2.266667
2.266667
2.007843
0.6352941
0.6352941
0.6352941
0.6352941
0.627451
0.627451
0.627451
0.627451
0.627451
0.627451
0.627451
0.627451
0.627451
0.627451
0.627451
0.6196079
0.6196079
0.6196079
0.6196079
1.07451
1.862745
1.862745
1.862745
1.843137
1.843137
1.843137
1.843137
1.862745
1.862745
1.862745
2.121569
2.27451
2.27451
2.27451
2.27451
2.27451
2.27451
2.27451
2.27451
2.266667
2.266667
2.266667
2.266667
2.25098
1.168628
0.6352941
0.6352941
0.627451
0.627451
0.627451
0.627451
0.627451
0.627451
0.627451
0.627451
0.627451
0.627451
0.627451
0.6196079
0.6196079
0.6196079
1.368627
1.862745
1.862745
1.862745
1.862745
1.843137
1.843137
1.843137
1.843137
1.862745
1.862745
2.25098
2.25098
2.27451
2.27451
2.27451
2.27451
2.27451
2.27451
2.27451
2.27451
2.266667
2.266667
2.266667
2.266667
2.25098
2.25098
1.168628
0.6352941
0.627451
0.627451
0.627451
0.627451
0.627451
0.627451
0.627451
0.627451
0.627451
0.627451
0.627451
0.627451
0.627451
0.6196079
0.6196079
1.368627
1.74902
1.862745
1.862745
1.862745
1.862745
1.843137
1.843137
1.843137
1.843137
1.862745
2.25098
2.25098
2.25098
2.27451
2.27451
2.27451
2.27451
2.27451
2.27451
2.27451
2.27451
2.266667
2.266667
2.266667
2.266667
2.25098
2.25098
2.25098
1.168628
0.627451
0.627451
0.627451
0.627451
0.627451
0.627451
0.627451
0.627451
0.627451
0.627451
0.6196079
0.6196079
0.6196079
0.6196079
0.682353
1.07451
1.862745
1.862745
1.843137
1.843137
1.843137
1.843137
1.839216
1.839216
1.839216
1.839216
2.25098
2.25098
2.25098
2.25098
2.266667
2.266667
2.266667
2.266667
2.266667
2.266667
2.266667
2.266667
2.27451
2.27451
2.27451
2.27451
2.266667
2.266667
2.266667
2.14902
0.6196079
0.6196079
0.6196079
0.6196079
0.627451
0.627451
0.627451
0.627451
0.627451
0.627451
0.627451
0.6196079
0.6196079
0.6196079
0.6196079
0.682353
1.862745
1.862745
1.862745
1.843137
1.843137
1.843137
1.843137
1.839216
1.839216
1.839216
2.07451
2.25098
2.25098
2.25098
2.25098
2.266667
2.266667
2.266667
2.266667
2.266667
2.266667
2.266667
2.266667
2.27451
2.27451
2.27451
2.27451
2.266667
2.266667
2.266667
2.266667
1.701961
0.6196079
0.6196079
0.6196079
0.627451
0.627451
0.627451
0.627451
0.627451
0.627451
0.627451
0.627451
0.6196079
0.6196079
0.6196079
0.6196079
1.466667
1.862745
1.862745
1.862745
1.843137
1.843137
1.843137
1.843137
1.839216
1.839216
1.839216
2.313725
2.25098
2.25098
1.72549
1.72549
1.713726
1.713726
2.266667
2.266667
2.266667
2.266667
2.266667
2.266667
2.27451
2.27451
2.27451
2.27451
2.266667
2.266667
2.266667
2.266667
2.25098
1.156863
0.6196079
0.6196079
0.627451
0.627451
0.627451
0.627451
0.627451
0.627451
0.627451
0.627451
0.627451
0.6196079
0.6196079
0.6196079
1.121569
1.862745
1.862745
1.862745
1.862745
1.843137
1.843137
1.843137
1.843137
1.839216
1.839216
2.07451
1.607843
0.682353
0.682353
0.682353
0.682353
0.6196079
0.6196079
0.6196079
1.164706
1.74902
2.266667
2.266667
2.266667
2.27451
2.27451
2.27451
2.27451
2.266667
2.266667
2.266667
2.266667
2.25098
1.701961
0.6196079
0.6196079
0.627451
0.627451
0.627451
0.627451
0.627451
0.627451
0.627451
0.627451
0.627451
0.6352941
0.6352941
0.6352941
1.796078
1.843137
1.843137
1.843137
1.843137
1.862745
1.862745
1.862745
1.862745
1.670588
1.670588
0.9803922
0.6352941
0.627451
0.627451
0.627451
0.627451
0.627451
0.627451
0.627451
0.627451
0.6352941
1.133333
2.14902
2.14902
2.266667
2.266667
2.266667
2.266667
2.27451
2.27451
2.27451
2.27451
2.266667
2.266667
0.6666667
0.6666667
0.627451
0.627451
0.627451
0.627451
0.627451
0.627451
0.627451
0.627451
0.627451
0.627451
0.6352941
0.6352941
1.015686
1.796078
1.843137
1.843137
1.843137
1.843137
1.862745
1.862745
1.862745
1.862745
1.670588
0.6352941
0.6352941
0.6352941
0.627451
0.627451
0.627451
0.627451
0.627451
0.627451
0.627451
0.627451
0.6352941
0.6352941
0.6352941
2.14902
2.266667
2.266667
2.266667
2.266667
2.27451
2.27451
2.27451
2.27451
2.266667
2.266667
1.196078
0.6666667
0.627451
0.627451
0.627451
0.627451
0.627451
0.627451
0.627451
0.627451
0.627451
0.627451
0.6352941
0.6352941
1.796078
1.796078
1.843137
1.843137
1.843137
1.843137
1.862745
1.862745
1.862745
1.501961
0.6352941
0.6352941
0.6352941
0.6352941
0.627451
0.627451
0.627451
0.627451
0.627451
0.627451
0.627451
0.627451
0.6352941
0.6352941
0.6352941
1.133333
2.266667
2.266667
2.266667
2.266667
2.27451
2.27451
2.27451
2.27451
2.266667
2.266667
1.729412
0.6666667
0.627451
0.627451
0.627451
0.627451
0.627451
0.627451
0.627451
0.627451
0.627451
0.627451
0.627451
0.6352941
0.6352941
1.796078
1.796078
1.843137
1.843137
1.843137
1.843137
1.862745
1.862745
1.862745
0.7882353
0.6352941
0.6352941
0.6352941
0.6352941
0.627451
0.627451
0.627451
0.627451
0.627451
0.627451
0.627451
0.627451
0.6352941
0.6352941
0.6352941
0.6352941
1.407843
2.266667
2.266667
2.266667
2.27451
2.27451
2.27451
2.27451
2.266667
2.266667
2.266667
0.6666667
0.627451
0.627451
0.627451
0.627451
0.627451
0.627451
0.627451
0.627451
0.627451
0.627451
0.627451
0.6352941
1.035294
1.847059
1.847059
1.843137
1.843137
1.843137
1.843137
1.847059
1.847059
1.431373
0.6196079
0.627451
0.627451
0.627451
0.627451
0.627451
0.627451
0.627451
0.627451
0.627451
0.627451
0.627451
0.627451
0.627451
0.627451
0.627451
0.627451
0.6196079
2.25098
2.25098
2.25098
2.27451
2.27451
2.27451
2.27451
2.266667
2.266667
2.266667
0.9294118
0.627451
0.627451
0.627451
0.627451
0.627451
0.627451
0.627451
0.627451
0.627451
0.627451
0.627451
0.627451
0.6352941
1.439216
1.847059
1.847059
1.843137
1.843137
1.843137
1.843137
1.847059
1.847059
1.023529
0.6196079
0.627451
0.627451
0.627451
0.627451
0.627451
0.627451
0.627451
0.627451
0.627451
0.627451
0.627451
0.627451
0.627451
0.627451
0.6196079
1.701961
2.25098
2.25098
2.27451
2.27451
2.27451
2.27451
2.266667
2.266667
2.266667
0.9294118
0.627451
0.627451
0.627451
0.627451
0.627451
0.627451
0.627451
0.627451
0.627451
0.627451
0.627451
0.627451
0.6352941
1.847059
1.847059
1.847059
1.843137
1.843137
1.843137
1.843137
1.847059
1.847059
0.6196079
0.6196079
0.627451
0.627451
0.627451
0.627451
0.627451
0.627451
0.627451
0.627451
0.627451
0.627451
0.627451
0.6196079
1.156863
2.25098
2.25098
2.27451
2.27451
2.27451
2.27451
2.266667
2.266667
2.266667
0.9294118
0.627451
0.627451
0.627451
0.627451
0.627451
0.627451
0.627451
0.627451
0.627451
0.627451
0.627451
0.627451
0.6352941
1.847059
1.847059
1.847059
1.843137
1.843137
1.843137
1.843137
1.847059
1.431373
0.6196079
0.6196079
0.627451
0.627451
0.627451
0.627451
0.627451
0.627451
0.627451
0.627451
0.627451
0.627451
0.6196079
1.156863
2.25098
2.25098
2.27451
2.27451
2.27451
2.27451
2.266667
2.266667
2.266667
0.9294118
0.627451
0.627451
0.627451
0.627451
0.627451
0.627451
0.627451
0.627451
0.627451
0.627451
0.627451
0.627451
0.6196079
1.862745
1.862745
1.862745
1.843137
1.843137
1.843137
1.843137
1.847059
1.439216
0.6352941
0.6352941
0.627451
0.627451
0.627451
0.627451
0.627451
0.627451
0.627451
0.627451
0.627451
0.772549
0.772549
2.266667
2.266667
2.27451
2.27451
2.27451
2.27451
2.298039
2.298039
2.298039
0.8196079
0.627451
0.627451
0.627451
0.627451
0.627451
0.627451
0.627451
0.627451
0.627451
0.627451
0.627451
0.627451
0.6196079
1.862745
1.862745
1.862745
1.843137
1.843137
1.843137
1.843137
1.847059
1.439216
0.6352941
0.6352941
0.627451
0.627451
0.627451
0.627451
0.627451
0.627451
0.627451
0.627451
0.627451
0.627451
0.772549
0.772549
2.266667
2.266667
2.27451
2.27451
2.27451
2.27451
2.298039
2.298039
2.298039
0.8196079
0.627451
0.627451
0.627451
0.627451
0.627451
0.627451
0.627451
0.627451
0.627451
0.627451
0.627451
0.627451
0.6196079
1.862745
1.862745
1.862745
1.843137
1.843137
1.843137
1.843137
1.847059
1.847059
0.6352941
0.6352941
0.627451
0.627451
0.627451
0.627451
0.627451
0.627451
0.627451
0.627451
0.627451
0.627451
0.627451
0.772549
0.772549
2.266667
2.266667
2.27451
2.27451
2.27451
2.27451
2.298039
2.298039
2.298039
0.8196079
0.627451
0.627451
0.627451
0.627451
0.627451
0.627451
0.627451
0.627451
0.627451
0.627451
0.627451
0.627451
0.6196079
1.443137
1.862745
1.862745
1.843137
1.843137
1.843137
1.843137
1.847059
1.847059
0.6352941
0.6352941
0.627451
0.627451
0.627451
0.627451
0.627451
0.627451
0.627451
0.627451
0.627451
0.627451
0.627451
0.627451
0.627451
0.772549
1.266667
2.266667
2.266667
2.27451
2.27451
2.27451
2.27451
2.298039
2.298039
1.8
0.8196079
0.627451
0.627451
0.627451
0.627451
0.627451
0.627451
0.627451
0.627451
0.627451
0.627451
0.627451
0.6196079
1.407843
1.811765
1.811765
1.843137
1.843137
1.843137
1.843137
1.862745
1.862745
1.098039
0.7176471
0.6352941
0.6352941
0.6352941
0.6352941
0.627451
0.627451
0.627451
0.627451
0.627451
0.627451
0.627451
0.627451
0.6352941
0.6352941
0.6352941
0.6352941
0.7176471
1.764706
2.298039
2.298039
2.27451
2.27451
2.27451
2.27451
2.266667
2.266667
1.717647
0.6352941
0.627451
0.627451
0.627451
0.627451
0.627451
0.627451
0.627451
0.627451
0.627451
0.627451
0.627451
0.6196079
1.011765
1.811765
1.811765
1.843137
1.843137
1.843137
1.843137
1.862745
1.862745
1.478431
0.7176471
0.6352941
0.6352941
0.6352941
0.6352941
0.627451
0.627451
0.627451
0.627451
0.627451
0.627451
0.627451
0.627451
0.6352941
0.6352941
0.6352941
0.6352941
1.239216
2.298039
2.298039
2.298039
2.27451
2.27451
2.27451
2.27451
2.266667
2.266667
1.172549
0.6352941
0.627451
0.627451
0.627451
0.627451
0.627451
0.627451
0.627451
0.627451
0.627451
0.627451
0.6196079
0.6196079
1.811765
1.811765
1.843137
1.843137
1.843137
1.843137
1.862745
1.862745
1.862745
1.098039
0.6352941
0.6352941
0.6352941
0.6352941
0.627451
0.627451
0.627451
0.627451
0.627451
0.627451
0.627451
0.627451
0.6352941
0.6352941
0.6352941
0.6352941
1.764706
2.298039
2.298039
2.298039
2.27451
2.27451
2.27451
2.27451
2.266667
2.266667
0.6352941
0.6352941
0.627451
0.627451
0.627451
0.627451
0.627451
0.627451
0.627451
0.627451
0.627451
0.627451
0.6196079
0.6196079
1.407843
1.811765
1.843137
1.843137
1.843137
1.843137
1.862745
1.862745
1.862745
1.862745
1.121569
0.6352941
0.6352941
0.6352941
0.627451
0.627451
0.627451
0.627451
0.627451
0.627451
0.627451
0.627451
0.6352941
0.6352941
0.6352941
1.607843
2.298039
2.298039
2.298039
2.298039
2.27451
2.27451
2.27451
2.27451
2.266667
1.717647
0.6352941
0.6352941
0.627451
0.627451
0.627451
0.627451
0.627451
0.627451
0.627451
0.627451
0.627451
0.627451
0.6352941
0.6352941
1.023529
1.811765
1.862745
1.862745
1.862745
1.862745
1.843137
1.843137
1.843137
1.843137
2.25098
1.203922
0.682353
0.682353
0.6196079
0.6196079
0.6196079
0.6196079
0.6196079
0.6196079
0.6196079
0.6196079
0.6352941
0.6352941
1.705882
2.25098
2.27451
2.27451
2.27451
2.27451
2.266667
2.266667
2.266667
2.266667
2.14902
1.121569
0.6196079
0.6196079
0.627451
0.627451
0.627451
0.627451
0.627451
0.627451
0.627451
0.627451
0.627451
0.6352941
0.6352941
0.6352941
1.415686
1.862745
1.862745
1.862745
1.862745
1.843137
1.843137
1.843137
1.843137
2.25098
2.25098
1.72549
0.682353
0.6196079
0.6196079
0.6196079
0.6196079
0.6196079
0.6196079
0.6196079
0.6196079
1.168628
2.25098
2.25098
2.25098
2.27451
2.27451
2.27451
2.27451
2.266667
2.266667
2.266667
2.266667
2.14902
0.6196079
0.6196079
0.6196079
0.627451
0.627451
0.627451
0.627451
0.627451
0.627451
0.627451
0.627451
0.6352941
0.6352941
0.6352941
0.6352941
1.862745
1.862745
1.862745
1.862745
1.843137
1.843137
1.843137
1.843137
2.25098
2.25098
2.25098
2.25098
1.733333
1.176471
1.176471
1.176471
1.129412
1.129412
1.647059
2.164706
2.25098
2.25098
2.25098
2.25098
2.27451
2.27451
2.27451
2.27451
2.266667
2.266667
2.266667
2.266667
1.121569
0.6196079
0.6196079
0.6196079
0.627451
0.627451
0.627451
0.627451
0.627451
0.627451
0.627451
0.6352941
0.6352941
0.6352941
0.6352941
1.121569
1.862745
1.862745
1.862745
1.843137
1.843137
1.843137
1.843137
1.72549
2.25098
2.25098
2.25098
2.298039
2.298039
2.298039
2.298039
2.164706
2.164706
2.164706
2.164706
2.25098
2.25098
2.25098
2.25098
2.27451
2.27451
2.27451
2.27451
2.266667
2.266667
2.266667
1.74902
0.6196079
0.6196079
0.6196079
0.6196079
0.627451
0.627451
0.627451
0.627451
0.627451
0.627451
0.627451
0.627451
0.627451
0.627451
0.6352941
1.439216
1.847059
1.847059
1.862745
1.862745
1.862745
1.862745
1.862745
2.129412
2.266667
2.266667
2.27451
2.27451
2.27451
2.27451
2.27451
2.27451
2.27451
2.27451
2.27451
2.27451
2.27451
2.27451
2.27451
2.27451
2.27451
2.27451
2.25098
2.25098
2.25098
0.6352941
0.627451
0.627451
0.627451
0.627451
0.627451
0.627451
0.627451
0.627451
0.627451
0.627451
0.627451
0.627451
0.627451
0.6352941
0.6352941
1.439216
1.847059
1.862745
1.862745
1.862745
1.862745
1.862745
1.996078
2.266667
2.266667
2.27451
2.27451
2.27451
2.27451
2.27451
2.27451
2.27451
2.27451
2.27451
2.27451
2.27451
2.27451
2.27451
2.27451
2.27451
2.27451
2.25098
2.25098
1.168628
0.6352941
0.627451
0.627451
0.627451
0.627451
0.627451
0.627451
0.627451
0.627451
0.627451
0.627451
0.627451
0.627451
0.627451
0.6352941
0.6352941
0.6352941
1.847059
1.862745
1.862745
1.862745
1.862745
1.862745
1.862745
2.266667
2.266667
2.27451
2.27451
2.27451
2.27451
2.27451
2.27451
2.27451
2.27451
2.27451
2.27451
2.27451
2.27451
2.27451
2.27451
2.27451
2.27451
2.25098
1.168628
0.6352941
0.6352941
0.627451
0.627451
0.627451
0.627451
0.627451
0.627451
0.627451
0.627451
0.627451
0.627451
0.627451
0.6352941
0.6352941
0.6352941
0.6352941
1.52549
1.862745
1.862745
1.862745
1.862745
1.862745
1.996078
2.266667
2.27451
2.27451
2.27451
2.27451
2.27451
2.27451
2.27451
2.27451
2.27451
2.27451
2.27451
2.27451
2.27451
2.27451
2.27451
2.27451
1.705882
0.6352941
0.6352941
0.6352941
0.627451
0.627451
0.627451
0.627451
0.627451
0.627451
0.627451
0.627451
0.627451
0.627451
0.627451
0.627451
0.627451
0.6352941
1.403922
1.796078
1.796078
1.796078
1.796078
1.796078
2.376471
2.266667
2.266667
2.266667
2.266667
2.27451
2.27451
2.27451
2.27451
2.266667
2.266667
2.266667
2.266667
2.25098
2.25098
2.25098
1.156863
0.627451
0.627451
0.627451
0.627451
0.627451
0.627451
0.627451
0.627451
0.627451
0.627451
0.627451
0.627451
0.627451
0.627451
0.627451
0.627451
0.627451
0.6352941
0.6352941
1.015686
1.796078
1.796078
1.796078
1.796078
1.796078
2.266667
2.266667
2.266667
2.266667
2.27451
2.27451
2.27451
2.27451
2.266667
2.266667
2.266667
2.266667
2.25098
2.25098
1.156863
0.6196079
0.627451
0.627451
0.627451
0.627451
0.627451
0.627451
0.627451
0.627451
0.627451
0.627451
0.627451
0.627451
0.627451
0.627451
0.627451
0.6352941
0.6352941
0.6352941
0.6352941
1.215686
1.796078
1.796078
1.796078
2.129412
2.266667
2.266667
2.266667
2.27451
2.27451
2.27451
2.27451
2.266667
2.266667
2.266667
2.266667
1.701961
0.6196079
0.6196079
0.6196079
0.627451
0.627451
0.627451
0.627451
0.627451
0.627451
0.627451
0.627451
0.627451
0.627451
0.627451
0.627451
0.627451
0.6352941
0.6352941
0.6352941
0.6352941
0.6352941
0.6352941
1.215686
1.796078
1.862745
2.129412
2.266667
2.266667
2.27451
2.27451
2.27451
2.27451
2.266667
1.796078
1.329412
0.8666667
0.6196079
0.6196079
0.6196079
0.6196079
0.627451
0.627451
0.627451
0.627451
0.627451
0.627451
0.627451
0.627451
0.627451
0.627451
0.627451
0.627451
0.627451
0.627451
0.627451
0.627451
0.627451
0.627451
0.627451
0.6352941
0.8588235
1.313725
1.313725
1.701961
1.345098
1.345098
0.9882354
0.8666667
0.6352941
0.6352941
0.6352941
0.627451
0.627451
0.627451
0.627451
0.627451
0.627451
0.627451
0.627451
0.627451
0.627451
0.627451
0.627451
0.627451
0.627451
0.627451
0.627451
0.627451
0.627451
0.627451
0.627451
0.627451
0.6352941
0.6352941
0.6352941
0.6352941
0.6352941
0.6352941
0.6352941
0.6352941
0.6352941
0.6352941
0.6352941
0.6352941
0.627451
0.627451
0.627451
0.627451
0.627451
0.627451
0.627451
0.627451
0.627451
0.627451
0.627451
0.627451
0.627451
0.627451
0.627451
0.627451
0.627451
0.627451
0.6352941
0.6352941
0.6352941
0.6352941
0.6352941
0.6352941
0.6352941
0.6352941
0.6352941
0.6352941
0.6352941
0.6352941
0.627451
0.627451
0.627451
0.627451
0.627451
0.627451
0.627451
0.627451
0.627451
0.627451
0.627451
0.627451
0.627451
0.627451
0.627451
0.627451
0.6352941
0.6352941
0.6352941
0.6352941
0.6352941
0.6352941
0.6352941
0.6352941
0.6352941
0.6352941
0.6352941
0.6352941
0.627451
0.627451
0.627451
0.627451
0.627451
0.627451
0.627451
0.627451
0.627451
0.627451
0.627451
0.627451
0.627451
0.627451
0.627451
0.627451
0.627451
0.627451
0.627451
0.627451
0.627451
0.627451
0.627451
0.627451
0.627451
0.627451
0.627451
0.627451
0.627451
0.627451
0.627451
0.627451
0.627451
0.627451
0.627451
0.627451
0.627451
0.627451
0.627451
0.627451
0.627451
0.627451
0.627451
0.627451
0.627451
0.627451
0.627451
0.627451
0.627451
0.627451
0.627451
0.627451
0.627451
0.627451
0.627451
0.627451
0.627451
0.627451
0.627451
0.627451
0.627451
